`
22
1
1
1
1
1
1
1
1
1
1
1
1
5
1

1
1


13


7


9


15


13


8


a
1


1


7


1


1


1


1


b
1


1


7


1


1


1


1


c
1


1


7


1


1


1


1


d
1


1


7


1


1


1


1


e
1


1


7


1


1


1


1


f
1


1


7


1


1


1


1


g
1


1


7


1


1


1


1


h
1


1


7


1


1


1


1


i
1


1


7


1


1


1


1


j
1


1


7


1


1


1


1


k
1


1


7


1


1


1


1


l




















































































1
0000
0000
0000
0000
0000
0000
0000
000
0000
0000
0000
0000
0000
0000
000
0000
0000
0000
0000
0000
0000
000
0000
0000
0000
0000
0000
0000
000
0000
0000
0000
0000
0000
0000
000
0000
0000
0000
0000
0000
0000
000
0000
0000
0000
0000
0000
0000
000
0000
0000
0000
0000
0000
0000
000
0000
0000
0000
0000
0000
0000
000
0000
0000
0000
0000
0000
0000
000
0000
0000
0000
0000
0000
0000
000
0000
0000
0000
0000
0000
0000
Pie 1
Pie 2
Pie 3
Pie 4
Pie 5
Pie 6
Pie 7
Pie 8
Pie 9
Pie 10
Pie 11
Pie 12
001
001
001
001
001
001
001
001
001
001
001
001