`
21
1
1
1
0
0
0
0
0
0
0
0
0
5
1

1
2
brush
b
2
clear
+!r
2
normal
+!n
2
lock pixels
/
2
100 opacity
0
2
eraser
p
2
multiply
+!m
q
2
deselect
^d
2
undo
^z
2
redo
+^z
2
blur
g
2
polygon lasoo
l
2
lasoo
h
2
flip layer
+^-
w
2
move
v
2
transform
^t
2
duplicat
+F2
2
cut into layer
+^j
2
behind
+!q
2
bg/fg
x
2
merge selected
^e
e
1


1


7


1


1


1


1


d
1


1


7


1


1


1


1


e
1


1


7


1


1


1


1


f
1


1


7


1


1


1


1


g
1


1


7


1


1


1


1


h
1


1


7


1


1


1


1


i
1


1


7


1


1


1


1


j
1


1


7


1


1


1


1


k
1


1


7


1


1


1


1


l




















































































1
0000
0000
0000
0000
0000
0000
0000
000
0000
0000
0000
0000
0000
0000
000
0000
0000
0000
0000
0000
0000
000
0000
0000
0000
0000
0000
0000
000
0000
0000
0000
0000
0000
0000
000
0000
0000
0000
0000
0000
0000
000
0000
0000
0000
0000
0000
0000
000
0000
0000
0000
0000
0000
0000
000
0000
0000
0000
0000
0000
0000
000
0000
0000
0000
0000
0000
0000
000
0000
0000
0000
0000
0000
0000
000
0000
0000
0000
0000
0000
0000
Pie 1
Pie 2
Pie 3
Pie 4
Pie 5
Pie 6
Pie 7
Pie 8
Pie 9
Pie 10
Pie 11
Pie 12
000
000
000
001
001
001
001
001
001
001
001
001